00 00 00 00 00 80 00 00 00 00 00 60 00 00 00 00
 00 00 00 00 ff 00 00 00 ff 00 ff 00 7f 00 40 00
 ff 04 5f 00 ff 00 03 00 00 00 9f 30 3e 38 04 00
 02 7d 0f fe a9 c0 2f ff 3c ff 47 55 ff ff 33 ff
 ff 81 13 3c d0 00 00 00 00 05 1e 02 02 03 07 00
 00 00 00 00 00 00 00 00 00 00 00 00 00 00 00 00
 04 3f c3 ff 70 46 96 32 00 ff 00 00 00 00 00 00
 3f ff 46 00 bf 00 33 00 70 00 ff 00 3f ff 3f 01
 38 ff 3f ff 3f 00 00 00 c0 30 00 00 00 00 00 00
 00 00 00 00 00 00 00 00 00 00 00 00 00 00 00 00
 00 00 00 00 00 00 00 00 00 00 00 00 00 00 00 00
 00 00 00 00 00 00 00 00 00 00 00 00 00 00 00 00
 00 0f 00 00 00 00 00 00 00 00 ff 00 01 00 00 00
 00 00 00 3f ff 3f 00 00 00 00 3c 07 00 00 00 00
 1b 07 00 04 00 00 00 00 31 04 00 00 00 00 00 00
 00 00 00 00 60 07 33 04 00 00 00 00